x:1.0 y:2.0 z:3.0 Ответ:2.52507414563483
x:3.0 y:3.0 z:3.0 Ответ:3.9134716855506024
x:12.0 y:23.0 z:2.0 Ответ:23.000001105227707
